//use: Object type rotation - x y plane boolean clip
//dz new
//(craft/smith/cook/fm)
90271 10 0 - 3815 4387 1
2782 10 2 - 3808 4391 1
6189 10 1 - 3810 4390 1
2642 10 0 - 3806 4389 1
2644 10 3 - 3806 4388 1
3198 10 0 - 3807 4386 1
114 10 2 - 3815 4385 1
88246 10 0 - 3810 4387 1
//mining
45076 10 0 - 3763 4379 1
5999 10 0 - 3760 4379 1
90271 10 2 - 3762 4387 1
90271 10 3 - 3757 4382 1
90271 10 0 - 3752 4386 1
90271 10 1 - 3757 4392 1
2560 10 0 - 3751 4379 1
2560 10 0 - 3750 4379 1
2560 10 0 - 3749 4379 1
2560 10 0 - 3748 4380 1
2560 10 0 - 3748 4381 1
2560 10 0 - 3748 4382 1
2560 10 0 - 3750 4381 1
92713 10 0 - 3766 4391 1
92713 10 0 - 3766 4392 1
92713 10 0 - 3766 4393 1
92713 10 0 - 3764 4394 1
92713 10 0 - 3763 4394 1
92713 10 0 - 3762 4394 1
92713 10 0 - 3764 4392 1
2104 10 0 - 3751 4395 1
14859 10 0 - 3750 4395 1
2104 10 0 - 3749 4395 1
2104 10 0 - 3748 4394 1
14859 10 0 - 3748 4393 1
2104 10 0 - 3748 4392 1
14859 10 0 - 3750 4393 1
2090 10 0 - 3746 4392 1
2094 10 0 - 3746 4393 1
2092 10 0 - 3745 4395 1
2092 10 0 - 3744 4394 1
2100 10 0 - 3743 4393 1
2100 10 0 - 3743 4395 1
2100 10 0 - 3741 4394 1
2096 10 0 - 3740 4393 1
2096 10 0 - 3739 4392 1
2096 10 0 - 3739 4391 1
2102 10 0 - 3739 4390 1
2102 10 0 - 3739 4389 1
2102 10 0 - 3739 4387 1
2102 10 0 - 3739 4386 1
2098 10 0 - 3740 4385 1
2098 10 0 - 3741 4385 1
2098 10 0 - 3742 4385 1
2098 10 0 - 3741 4387 1
2092 10 0 - 3743 4385 1
2092 10 0 - 3744 4385 1
2092 10 0 - 3745 4386 1
2094 10 0 - 3746 4387 1
2090 10 0 - 3746 4388 1
2108 10 0 - 3743 4389 1
2108 10 0 - 3742 4391 1
2108 10 0 - 3741 4389 1
//rc / prayer / cons 
79519 10 0 - 3764 4416 1
79520 10 0 - 3764 4412 1
26847 10 0 - 3758 4415 1
16684 10 0 - 3759 4408 1
16684 10 3 - 3753 4408 1
13197 10 3 - 3750 4410 1
90271 10 2 - 3750 4414 1
93284 10 0 - 3750 4417 1
//woodcutting
87508 10 0 - 3793 4420 1
87508 10 0 - 3793 4431 1
46320 5 1 - 3790 4435 1
46320 5 1 - 3789 4435 1
46320 5 1 - 3788 4435 1
46320 5 1 - 3787 4435 1
46320 5 1 - 3786 4435 1
46320 5 1 - 3785 4435 1
1306 10 0 - 3779 4434 1
1306 10 0 - 3779 4431 1
1306 10 0 - 3779 4426 1
1309 10 0 - 3779 4422 1
1309 10 0 - 3783 4420 1
139 10 0 - 3787 4420 1
139 10 0 - 3792 4421 1
139 10 0 - 3788 4422 1
139 10 0 - 3789 4420 1
88246 10 0 - 3790 4428 1
66668 10 0 - 3787 4428 1
//fish
47150 10 0 - 3809 4399 1
47150 10 0 - 3802 4399 1
47150 10 0 - 3802 4404 1
47150 10 0 - 3809 4404 1
90271 10 0 - 3807 4402 1
//summoning room
90271 10 0 - 3791 4394 1
90271 10 2 - 3784 4394 1
67036 10 0 - 3786 4403 1
63208 10 3 - 3785 4407 1
63208 10 3 - 3786 4407 1
92915 10 0 - 3786 4412 1
//entrance
1317 10 0 - 3790 4377 1
187 10 0 - 3781 4378 1
12128 22 0 - 3795 4387 1
92120 10 0 - 3779 4387 1
92413 10 3 - 3792 4390 1
92414 10 3 - 3790 4390 1
93249 10 3 - 3784 4390 1
92696 10 3 - 3782 4390 1
//staff zone new 
86743 10 0 - 4191 6303 0
//edge home
6552 10 2 - 3098 3504 0
47120 10 0 - 3101 3503 0
//Donatorzone
4483 10 -3 - 2592 3916 0
4483 10 -2 - 2581 3905 0
3192 10 -3 - 2579 3917 0
//k
17010 10 0 - 2584 3918 0
6552 10 2 - 2589 3919 0
47120 10 0 - 2591 3919 0
//rune essence portals
2503 10 0 - 2927 4827 0
2503 10 0 - 2887 4818 0
2503 10 0 - 2891 4857 0
2503 10 0 - 2926 4842 0
12309 10 3 - 3219 9623 0
4483 10 2 - 3086 3523 0