// oracle @ edgewille
15158 - 3085 3504 0
// oracle @ ge
15158 - 3165 3477 0
// oracle of darkness
//15185 - 3194 3922 0
//donator zone
//fish
952 - 3812 4407 1
327 - 3809 4407 1
6267 - 3812 4404 1
328 - 3809 4404 1
312 - 3809 4402 1
313 - 3812 4402 1
313 - 3809 4399 1
312 - 3812 4399 1
8841 - 3805 4404 1
8841 - 3805 4407 1
8841 - 3802 4407 1
8841 - 3802 4404 1
8842 - 3804 4401 1
8842 - 3804 4399 1
8842 - 3802 4399 1
8842 - 3802 4401 1
//entrance
3811 - 3781 4378 1
1419 - 3785 4385 1
20366 - 3784 4362 1
5445 - 3783 4362 1
5445 - 3784 4361 1
5445 - 3785 4362 1