1648 - 3410 3544 0
1648 - 3403 3544 0
1648 - 3410 3566 0
1648 - 3403 3571 0
1648 - 3410 3571 0
1612 - 3437 3544 0
1612 - 3442 3548 0
1612 - 3436 3550 0
1612 - 3444 3558 0
1612 - 3437 3559 0
1612 - 3444 3569 0
1612 - 3435 3572 0
1612 - 3437 3566 0
1604 - 3435 3574 1
1604 - 3436 3566 1
1604 - 3443 3570 1
1604 - 3445 3565 1
1604 - 3443 3557 1
1604 - 3445 3549 1
1604 - 3437 3558 1
1604 - 3434 3551 1
1619 - 3412 3542 1
1618 - 3406 3544 1
1618 - 3412 3550 1
1619 - 3406 3550 1
1643 - 3402 3562 1
1643 - 3402 3571 1
1643 - 3409 3573 1
1643 - 3409 3567 1
1643 - 3409 3558 1
10702 - 3411 3565 2
10702 - 3407 3571 2
10702 - 3403 3567 2
10702 - 3402 3560 2
1615 - 3410 3553 2
1615 - 3410 3548 2
1615 - 3408 3543 2
1615 - 3402 3547 2
1610 - 3443 3543 2
1610 - 3438 3547 2
1610 - 3444 3550 2
1610 - 3440 3555 2
1610 - 3444 3562 2
1610 - 3437 3567 2
1610 - 3436 3571 3
1610 - 3442 3568 3
1610 - 3444 3563 3
1610 - 3438 3556 3
1610 - 3445 3551 3
1610 - 3439 3543 3
1615 - 3408 3542 3
1615 - 3410 3547 3
1615 - 3407 3551 3
1615 - 3401 3553 3
10702 - 3404 3561 3
10702 - 3411 3563 3
10702 - 3411 3571 3
10702 - 3404 3572 3
10702 - 3402 3567 3
1619 - 3401 3549 1
412 - 3421 3543 0
412 - 3419 3532 0
412 - 3427 3533 0
16839 - 3419 3526 0
1648 - 3407 3559 0
1648 - 3410 3561 0
1648 - 3403 3554 0
1648 - 3404 3549 0
1648 - 3402 3546 0
1648 - 3409 3543 0
1648 - 3407 3545 0
1648 - 3404 3551 0
1648 - 3403 3569 0
1648 - 3409 3571 0
