//key money boolean(general store) - Name - item quantity and repeat
1200 995 true - General store - 1931 30 1935 10 1735 10 1925 30 1923 10 1887 10 590 10 1755 10 2347 10 550 10 9003 10
1201 6306 false - Vote rewards - 995 2000000000 24154 1000000
1202 995 false - Weapons 1 - 1323 100000000 1333 100000000 4587 100000000 1303 100000000 1305 100000000 1289 100000000 20671 100000000 6523 100000000 1213 100000000 1215 100000000 6525 100000000 1373 100000000 1377 100000000 1432 100000000 1434 100000000 6527 100000000 3202 100000000 3204 100000000 4153 100000000 1247 100000000 1249 100000000 1319 100000000 7158 100000000 6528 100000000
1203 995 false - Weapons 2 - 4675 100000000 6914 100000000 6526 100000000 841 100000000 857 100000000 861 100000000 859 100000000 9177 100000000 9185 100000000 10156 100000000 14684 100000000 807 100000000 811 100000000 11230 100000000 863 100000000 868 100000000
1204 995 false - Weapons 3 - 
1205 995 false - Melee armor 1 - 4121 100000000 4131 100000000 11732 100000000 1153 100000000 1115 100000000 1067 100000000 1191 100000000 1163 100000000 1127 100000000 1079 100000000 1201 100000000 6128 100000000 6129 100000000 6130 100000000 1149 100000000 10564 100000000 1187 100000000 4087 100000000 6524 100000000 5574 100000000 5575 100000000 5576 100000000 544 100000000 542 100000000 1540 100000000
1206 995 false - Melee armor 2 - 
1207 995 false - Ranged armor - 1167 100000000 1095 100000000 1129 100000000 1131 100000000 1063 100000000 6328 100000000 6322 100000000 6324 100000000 6330 100000000 1065 100000000 1099 100000000 1135 100000000 2487 100000000 2493 100000000 2499 100000000 2489 100000000 2495 100000000 2501 100000000 2491 100000000 2497 100000000 2503 100000000 24376 100000000 24379 100000000 24382 100000000 10499 100000000
1208 995 false - Magic armor - 6109 100000000 6107 100000000 6108 100000000 6106 100000000 6110 100000000 6111 100000000 4099 100000000 4101 100000000 4103 100000000 4107 100000000 4105 100000000 14499 100000000 14497 100000000 14501 100000000 6918 100000000 6916 100000000 6924 100000000 6920 100000000 6922 100000000 6889 100000000 2412 100000000 2413 100000000 2414 100000000
1209 995 false - Food & Potions - 386 100000000 7947 100000000 374 100000000 380 100000000 2188 100000000 2186 100000000 3145 100000000 2441 100000000 2437 100000000 2445 100000000 3041 100000000 6686 100000000 3025 100000000 2435 100000000 21631 100000000 703 100000000 707 100000000
1210 995 false - Runes - 554 100000000 555 100000000 556 100000000 557 100000000 558 100000000 559 100000000 561 100000000 562 100000000 563 100000000 564 100000000 566 100000000 565 100000000 560 100000000 9075 100000000
1211 995 false - Ammo - 882 100000000 884 100000000 886 100000000 888 100000000 890 100000000 892 100000000 11212 100000000 19152 100000000 19157 100000000 19162 100000000 877 100000000 9140 100000000 9141 100000000 9142 100000000 9143 100000000 9144 100000000 9242 100000000 9243 100000000 9244 100000000 4740 100000000 21365 100000000 21353 100000000 10159 100000000
1212 995 false - Summoning items - 12008 100000000 12032 100000000 12030 100000000 12040 100000000 12092 100000000 12791 100000000 12823 100000000 12094 100000000
1213 995 false - Capes - 6568 15 4315 15 4317 15 9748 15 9751 15 9754 15 9757 15 9760 15 9763 15 9766 15 9769 15 9772 15 9775 15 9778 15 9781 15 9784 15 9787 15 9790 15 9793 15 9796 15 9799 15 9802 15 9805 15 9808 15 9811 15 9949 15 12170 15 18509 15 19709 15
1214 995 false - Gloves & Amulets - 1725 100 1727 100 1731 100 3853 100 11105 100 2552 100 2550 100 2570 100 2572 100 21576 100 1712 100 7453 100 7454 100 7455 100 7456 100 7457 100 7458 100 7459 100 7460 100 7461 100 7462 100
1215 995 false - Quest items - 6746 1 2402 1
1216 995 false - Skilling stuff 1 - 1351 15 1359 15 1265 15 1275 15 15259 15 946 15 233 15 2347 15 1755 15 590 15 8794 15 952 15 2574 1000000 2576 1000000 2575 1000000
1217 995 false - Skilling stuff 2 - 307 20 303 20 305 20 309 20 311 20 301 20 11323 20 1733 100 5341 20 5343 20 952 20 5325 20 7409 20 227 500
1218 995 false - Herblore Secundaries 1 - 221 65000 1951 65000 1470 65000 1526 65000 948 65000 225 65000 235 65000 592 65000 1939 65000 223 65000 1550 65000 7650 65000 1581 65000 1975 65000 1939 65000 12630 65000 2152 65000 9736 65000 11807 65000 231 65000 12109 65000 5004 65000 1871 65000 2970 65000 11205 65000 10111 65000 9016 65000 11525 65000 241 65000 10937 65000
1219 995 false - Herblore Secundaries 2 - 239 65000 6049 65000 245 65000 3138 65000 247 65000 6051 65000 5075 65000 6018 65000 5972 65000
1 995 true - Edgeville General Store - 1931 30 1935 10 1735 10 1925 30 1923 10 1887 10 590 10 1755 10 2347 10 550 10 9003 10
2 995 false - Bob's Brilliant Axes - 1265 10 1351 10 1349 10 1353 10 1363 10 1365 10 1369 10 1359 10 
3 995 false - Lumbridge Fishing Supplies - 303 5 307 10 309 10 13431 10 313 1000 314 1000 317 0 327 0 345 0 321 0 335 0 349 0 331 0 13435 0
4 995 true - Lumbridge General Store - 1931 30 1935 10 1735 10 1925 30 1923 10 1887 10 590 10 1755 10 2347 10 550 10 9003 10
5 995 true - Beefy Bill's Supplies - 1931 30 1929 10 1937 10 2313 10 1887 10 590 10 1735 10 1951 10 1969 10 1949 10 9703 10 9704 10 9705 10 9706 30
6 995 false - Peksa's Helmet Shop - 1139 10 1137 10 1141 10 1143 10 1145 10 1155 10 1153 10 1157 10 1165 10 1159 10 1161 10
7 995 false - Oziach's Armour - 1127 10 1135 10
8 995 true - Varrock General Store - 1931 30 1935 10 1735 10 1925 30 1923 10 1887 10 590 10 1755 10 2347 10 550 10 9003 10
9 995 false - Dealga's Scimitar Emporium - 4587 10
10 995 false - Zaff's Superior Staves - 1379 10 1389 10 1381 10 1383 10 1385 10 1387 10
11 995 false - Aubury's Rune Shop - 554 300 555 300 556 300 557 300 558 100 559 100 562 30 560 10
12 995 false - Scavvo's Rune Store - 1093 10 1079 10 1432 10 1113 10 1289 10 1303 10 1099 10 1065 10 1169 10
13 995 false - Varrock Sword Shop - 1277 10 1279 10 1281 10 1283 10 1285 10 1287 10 1291 10 1293 10 1295 10 1297 10 1299 10 1301 10 1205 10 1203 10 1207 10 1217 10 1209 10 1211 10
14 995 false - Lowe's Archery Emporium - 882 1000 884 100 886 100 888 100 890 30 877 300 841 10 839 10 843 10 845 10 849 10 847 10 853 10 851 10 837 10
15 995 false - Horvik's Armour Shop - 1103 10 1101 10 1139 10 1137 10 1173 10 1175 10 1075 10 1067 10 1087 10 1081 10 1117 10 1115 10 1119 10 1125 10 1121 10
16 995 false - Dodgy Derek's Dirty Deals - 1523 2 6412 5 18644 100 590 10 954 10
17 995 true - Valaine's Shop of Champions - 1019 10 1165 10 1077 10 1123 10
18 995 false - Thessalia's Fine Clothes - 1005 10 1129 10 1059 10 1061 10 1757 10 1013 10 1015 10 1011 10 1007 10 950 10 426 10 428 10 1733 10 1734 1000
19 995 false - Urist's Crafting Supplies - 1755 10 1592 10 1597 10 1595 10 1733 10 1599 10 2976 10 5523 10 9434 10 11065 10
20 995 false - Draynor Seed Market - 5318 10 5319 10 5324 10 5322 0 5320 0 5323 0 5321 0 5096 10 5097 10 5305 10 5306 10 5307 10 5308 10 5309 10 5310 10 5311 10
21 995 false - Diango's Toy Store - 2520 10 2522 10 2524 10 2526 10 4613 10 12844 10 20179 10 20180 100 3006 150 20722 400 20716 10 20718 10 20725 10 20714 10
22 995 false - Hunter Expert's shop - 10006 1337 10008 1337
23 995 false - Bow and Arrow Store - 1065 100 1099 100 1135 100 2487 100 2493 100 2499 100 2489 100 2495 100 2501 100 9144 10000 9185 10000 9341 10000 882 10000 884 10000 886 10000 888 10000 890 10000 892 10000 1129 100 1061 100 1059 100 1095 100 1133 100 1097 100 10498 100
24 995 false - Fishing Store - 303 1000 305 1000 307 1000 309 1000 301 1000 311 1000 314 100000 313 100000 15263 100000
25 995 false - Armour Store - 1155 100 1117 100 1075 100 1089 100 1153 100 1115 100 1067 100 1191 100 1725 100 1157 100 1119 100 1069 100 1193 100 1159 100 1121 100 1071 100 1197 100 1540 100 1161 100 1123 100 1073 100 1199 100 1163 100 1127 100 1079 100 1201 100 3105 100 10828 100 3751 100 
26 995 false - Herblore Shop - 15364 100 221 100 15362 100 229 100 233 100 
27 995 false - Edible Store - 319 10000 315 10000 325 10000 347 10000 333 10000 351 10000 329 10000 361 10000 379 10000 373 10000 365 10000 7946 10000 2434 1000 2436 1000 2440 1000 2442 1000 2446 1000 2444 1000 3040 1000  
28 995 false - Weapon Store - 1307 100 1309 100 1311 100 1315 100 1317 100 1319 100 1277 100 1279 100 1281 100 1283 100 1285 100 1287 100 1291 100 1293 100 1295 100 1297 100 1299 100 1301 100 1321 100 1323 100 1325 100 1327 100 1329 100 1331 100 1333 100 4587 100 1215 100 1305 100 1434 100 1377 100 1434 100 1249 100
29 995 false - Slayer Shop - 4155 100 8921 100 4164 100 4166 100 4161 100 6696 100 4156 100 6660 100 7051 100 4551 100 8923 100 7159 100 10952 100 6720 100 4158 100 4150 100 13280 100 13278 100 13279 100 4170 100 7421 100 4168 100 4162 100 13117 100 23035 100
30 995 false - Drogo's mining Emporium - 2347 10 1265 10 436 0 438 0 440 0 453 0 2349 0 2351 0 2357 0
31 995 true - Dwarven Shopping Store - 1931 30 1935 10 1735 10 1925 30 590 10 1755 10 2347 10
32 995 false - Nurmof's Pickaxe Shop - 1265 10 1267 10 1269 10 1273 10 1271 10 1275 10
33 995 false - Crossbow Shop - 9440 10 9442 10 9444 10 9446 10 9448 10 9450 0 9452 0 9420 10 9423 10 9425 10 9427 10 9429 0 9431 0 9174 0 9177 0 9179 0 9181 0 9183 0 9185 0
34 995 false - Nulondion's Multicannon Parts - 6 10 8 10 10 10 12 10 5 10 4 10
35 995 false - Book shop - 3839 1 3841 1 3843 1 19612 1 19614 1 19616 1
36 995 true - The Lighthouse Store - 954 10 2347 10 1755 10 946 10 952 10 590 10 36 10 273 10 233 10 1931 30 1925 30 1929 10 1935 10 1937 300 229 10 15362 20 227 10 15363 20 2019 10 2021 10 2015 10 1915 10 2017 10 1909 10 1913 10 1907 10
37 995 false - Mage Arena Staves - 2415 10 2416 10 2417 10
38 995 false - Lundail's Arena-side Rune Shop - 554 1000 555 1000 556 1000 557 1000 558 1000 559 1000 561 300 562 300 563 100 564 100 560 300
39 995 false - Pikkupstix's Summoning Shop - 12204 10 12207 10 12210 0 12213 0 12216 0 12219 0 12222 0 12183 65000 12155 650000000 15262 65000 12158 0 2859 0
40 995 false - Void Knight Magic Store - 554 1000 555 1000 556 1000 557 1000 558 1000 559 1000 562 300 560 100
41 995 false - Void Knight Archery Store - 825 300 826 300 827 100 828 100 829 250 830 10 39 100 40 100 41 100 42 30 43 30 44 10
42 995 false - Skulgrimen's Battle Gear - 1337 10 1335 10 1339 10 1341 10 1343 10 1345 10 1347 0 3749 10 3751 10 3753 10 3755 10
43 995 false - Fremennik Fur Trader - 948 10 958 10 10117 0 10121 0 10119 0 10123 0 10093 0 10095 0 10097 0 10099 0 10101 0 10103 0
44 995 true - Sigmund the Merchant - 590 10 954 10 233 10 1931 30 2142 10 2309 10 952 10 36 10 1755 10 2347 10 229 10 15362 6 227 10 15363 6 1925 30 1929 10 1944 10 1942 10 1965 10
45 995 false - Fremennik Fishmonger - 303 10 307 10 309 10 311 30 301 10 313 1000 314 1000 305 10 317 10 327 10 345 0 353 0 341 0 321 0 335 0 349 0 331 0 359 0 377 0 363 0 371 0 383 0
46 995 false - Ore Store - 436 10 438 10 440 0 442 0 453 0 444 0 447 0 449 0
47 995 false - Armour Shop - 1109 10 1143 10 1159 10 1181 10 1197 10 1071 10 1085 10 1121 10
48 995 false - Neitiznot Supplies - 946 10 2347 10 1734 1000 1733 10 4819 10 1351 10 1759 100
49 24444 false - Crucible Rewards - 24450 1 24451 1 24452 1 24453 1 24454 1 24455 1 24456 1 24457 1
50 995 false - Yrsa's Accoutrements - 3775 10 3773 10 3767 10 3769 10 3771 10 3793 10 3795 10 3797 10 3799 10 3791 10 3765 10 3763 10 3761 10 3759 10 3777 10 3779 10 3781 10 3783 10 3785 10 3787 10 3789 10
51 995 false - Nomad's Capes - 15432 1 15433 1
52 995 false - Irksol's Ruby Rings - 1641 10
53 995 false - Jukat's Dragon Sword Shop - 1305 10 1215 30
54 995 false - Elnock's Backup Supply - 11260 200 10010 100
55 995 true - Zanris General Store - 1931 30 1935 10 1735 10 1925 30 1923 10 1887 10 590 10 1755 10 2347 10 550 10 9003 10
56 995 false - Aleck's Hunter Emporium - 10010 10 10012 300 10025 300 10150 10 10006 30 10008 30 10029 10 596 10 10031 30 12539 0
57 995 false - Pet Shop - 12130 10 12125 1000 12127 10 12183 65000 15262 65000
58 995 false - Magic Guild Store : Mystic Robes - 4089 10 4091 10 4093 10 4095 10 4097 10
59 995 false - Magic Guild Store : Runes and Staves - 556 1000 555 1000 557 1000 554 1000 558 1000 559 1000 562 300 561 300 560 1000 563 100 565 100 566 100 1387 10 1383 10 1381 10 1385 10
60 995 false - Frenita's Cookery Shop - 2313 10 1955 0 1887 10 1923 10 1942 10 590 10 1935 10 1931 30 1973 10 1933 500 1980 10
61 995 false - Gem Trader - 1623 0 1621 0 1619 0 1617 0 1607 0 1605 0 1603 0 1601 0
62 995 false - Zeke's Superior Scimitars - 1321 10 1323 10 1325 10 1329 10
63 995 false - Louie's Armoured Legs Bazaar - 1075 10 1067 10 1069 10 1077 10 1071 10 1073 10
64 995 false - Ranael's Super Skirt Store - 1087 10 1081 10 1083 10 1085 10 1089 10 1091 10
65 995 false - Dommik's Crafting Store - 1755 10 1592 10 1597 10 1595 10 1733 10 1734 1000 1599 10 2976 10 5523 10 9434 10 11065 10
66 995 false - Moon Clan Fine Clothes - 9068 10 9069 10 9070 10 9071 10 9072 10 9073 10 9074 10 1733 10 1734 1000
67 995 false - Betty's Magic Emporium - 554 300 555 300 556 300 557 300 558 100 559 100 562 30 560 10 221 300 579 10 1017 10
68 995 true - Poletax's Herblore Shop - 229 10 15362 6 227 20 15363 40 233 10 221 10 15364 20 235 5 225 5 239 5
69 995 false - Jatix's Herblore Shop - 229 10 15362 6 233 10 221 10 15364 20
70 995 true - Moon Clan General Store - 1931 30 1935 10 1735 10 1925 30 1923 10 1887 10 590 10 1755 10 2347 10 9003 10 229 10 15362 20
71 995 false - Culinaromancer's Chest - 7453 10 7454 10 7455 10 7456 10 7457 10 7458 10 7459 10 7460 10 7461 10 7462 10 7433 10 7435 10 7437 10 7439 10 7441 10 7443 10 7445 10 7447 10 
72 995 false - Culinaromancer's Chest - 1973 240 1985 8 1982 8 1955 40 1987 4 193 80 2283 1 1944 8 1927 8 2130 8 6697 8 2007 8 2313 8 1887 8 1923 8 1935 8 1931 8 1980 8 1925 8
73 995 false - Quartermaster's Stores - 1931 30 1935 10 1735 10 590 10 2309 10 3190 10 3192 10 3194 10 3196 10 3198 10 3200 10 3202 10 3204 10
74 995 true - Lletya General Store - 1931 30 1935 10 1735 10 1925 30 590 10 1755 10 2347 10 952 10 946 10
75 995 false - Lletya Seamstress - 1734 1000 1733 10 1759 100 1763 10 1765 10 1767 10 1769 10 1771 10 1773 10
76 995 false - Lletya Archery Shop - 884 1000 886 300 888 100 890 100 892 30 877 1000 843 10 845 10 837 10 849 10 847 10
77 6529 false - TzHaar-Hur-Tel's Equipment Store - 23652 10 6535 10 6536 10 6537 10 6538 10 6539 10 6540 10
78 6529 false - TzHaar-Hur-Lek's Ore and Gem Store - 438 5 436 5 440 2 1623 1 1621 1 6571 1 9194 50
79 6529 false - TzHaar-Mej-Roh's Rune Store - 554 1000 555 1000 557 1000 556 1000 558 1000 559 1000 562 300 560 100
80 995 false - Elemental Workshop - 2890 1 9729 1 18699 1 20448 1 20458 1 9731 1 9733 1 18697 1 20450 1 20460 1 18691 1 18693 1 18695 1 20452 1 20462 1 20436 1 20440 1 20444 1 20454 1 20464 1 20438 1 20442 1 20446 1 20456 1 20466 1
81 995 true - General Store - 1733 10 1734 1000 1931 30 1925 30 1935 10 590 10 1755 10 2347 10 3377 10 946 10
82 995 false - Barker's Haberdashery - 2894 10 2896 10 2898 10 2900 10 2902 10 2904 10 2906 10 2908 10 2910 10 2912 10 2914 10 2916 10 2918 10 2920 10 2922 10 2924 10 2926 10 2928 10 2930 10 2932 10 2934 10 2936 10 2938 10 2940 10 2942 10 1007 10 1019 10 1021 10 1023 10 1027 10
83 995 false - Rufus's Meat Emporium - 2132 100 2138 30 2134 10 2136 10 335 0 331 0 383 0
84 995 false - Gerrant's Fishy Business - 303 10 307 10 309 10 311 1000 301 10 13431 10 313 1000 314 1000 317 0 327 10 345 0 321 0 335 0 349 0 331 0 359 0 377 0
85 995 false - Grum's Gold Exchange - 1635 0 1637 0 1639 0 1641 0 1643 0 1654 0 1656 0 1658 0 1660 0 1662 0 1692 0 1694 0 1696 0 1698 0 1700 0 11069 0 11076 0 11085 0 11072 0 11092 0
86 995 false - Brian's Battleaxe Bazaar - 1375 10 1363 10 1365 10 1367 10 1369 10 1371 10
87 995 false - Wydin's Food Store - 1933 500 2132 10 2138 10 1965 10 1963 0 1951 0 2309 10 1973 10 1985 10 1982 10 1942 10 1550 10
88 995 false - Trader Stan's Trading Post - 1931 30 1935 10 1735 10 1925 30 1923 10 1887 10 590 10 1755 10 2347 10 550 10 9003 10 954 10 946 10 2114 0 1963 10 2108 0 1785 10 1783 0 401 0 1781 0 301 10 307 10 1941 10 9629 10 3226 10 1025 10 6014 0
89 995 false - Dodgy Mike's Second-hand Clothing - 7110 10 7112 10 7114 10 7116 10 7122 10 7124 10 7126 10 7128 10 7130 10 7132 10 7134 10 7136 10 7138 10
90 995 false - 'Two Feet Charley's Fish Shop - 317 6 327 10 345 10 341 10 321 10 359 0 377 0 363 0 371 0
91 995 false - Smithing Smith's Shop - 1321 10 1323 10 1325 10 1329 10 2347 10
92 995 false - Shantay Pass Shop - 1823 30 1831 30 1937 10 1921 10 1929 10 946 10 1833 10 1835 10 1837 10 2349 0 314 1000 2347 10 1925 30 1923 10 1935 10 954 100
93 995 false - Keldagrim's Best Bread - 2309 10 1891 10 1901 10
94 995 false - Green Gemstone Gems - 1607 0 1605 0 1603 0 1601 0
95 995 false - Carefree Crafting Stall - 1755 10 1592 10 1597 10 1733 10 1734 1000 1759 100
96 995 false - Crossbow Shop - 9440 10 9442 10 9444 10 9446 10 9448 10 9450 10 9452 0 9420 10 9423 10 9425 10 9427 10 9429 10 9431 0 9174 0 9177 0 9179 0 9181 0 9183 0 9185 0
97 995 false - Silver Cog Silver Stall - 1714 10 442 0 2355 0
98 995 false - Vermundi's Clothes Stall - 5048 10 5036 10 5042 10 5024 10 5030 10 950 10
99 995 false - Pickaxe-Is-Mine - 1265 10 1269 10 1273 10 1271 10 1275 10
100 995 false - Quality Weapons Shop - 1365 10 1369 10 1285 10 1287 10 1325 10 1297 10 1303 10 853 10 851 10 888 100 890 100
101 995 false - Quality Armour Shop - 1105 10 1109 10 1107 10 1111 10 1141 10 1143 10 1145 10 1177 10 1195 10
102 995 false - Keldagrim Stonemason - 3420 500 8786 30 8784 30 8788 30
103 995 false - Agmundi Quality Clothes - 5050 10 5052 10 5038 10 5040 10 5044 10 5046 10 5026 10 5028 10 5032 10 5034 10
104 995 false - Vigr's Warhammers - 1337 10 1335 10 1339 10 1341 10 1343 10 1345 10
105 995 false - Gunslik's Assorted Items - 1935 10 1925 30 590 10 1755 10 2347 10 36 10 596 10 973 10 1059 10 229 300 233 10 954 10
106 995 true - Bandit Bargains - 1831 30 1823 30 1937 10 1921 10 1929 10 1837 10 1935 10 1923 10 1925 10 1837 10 1833 10 1835 10 946 10
107 995 false - Candle Shop - 36 10 38 10
108 995 true - Arhein's Store - 1925 30 1265 10 1923 10 1887 10 590 10 1755 10 2347 10 954 10 1931 30 946 10
109 995 false - Hickton's Archery Emporium - 877 300 882 1000 884 100 886 0 888 0 890 0 892 0 4773 0 4778 0 4783 0 4788 0 4793 0 4798 0 4803 0 39 100 40 100 41 100 42 100 43 30 44 10 841 10 839 10 837 10 843 10 845 10 4827 10 1133 10 1097 10
110 995 false - Harry's Fishing Shop - 303 10 307 10 311 1000 301 10 313 1000 305 10 317 0 327 0 345 0 353 0 341 0 321 0 359 0 377 0 363 0 371 0 383 0
111 995 false - Vanessa's Farming Shop - 5341 10 5343 10 5329 10 952 10 5325 10 5331 30 5354 100 6032 300 1925 100 5418 10 15367 1 5376 10 15366 1 1942 0 1957 0 1965 0 1982 0 5986 0 5504 0 5982 0 5994 0 5996 0 5998 0 6000 0 6002 0 5931 0 6006 0 6036 10 12622 10
112 995 false - Battle Runes - 554 1000 555 1000 556 1000 557 1000 558 1000 562 300 560 100 565 100 566 100 9075 100
113 995 true - Legends' Guild General Store - 373 10 2323 10 121 10 886 10
114 995 false - Legends' Guild Shop of Useful Items - 299 500 1590 10 1542 10 2368 10 1052 10
115 995 false - Happy Heroes' H'Emporium - 1377 10 1434 10
116 995 false - White Knight's Armour - 5574 10 5575 10 5576 10 23122 10 9672 10 9674 10 9676 10 9678 10
117 995 false - Lunar Equipment - 9096 10 9097 10 9098 10 9099 10 9100 10 9101 10 9102 10 9104 10 9084 10
118 995 true - Polypore Dungeon Supplies - 1935 3 233 2 946 2 1733 2 1734 50 590 2 1511 1 229 20 22452 40 22454 40 22456 40
119 995 false - Warriors' Guild Armoury - 1363 10 1365 10 1369 10 1277 10 1279 10 1281 10 1283 10 1285 10 1287 10 1291 10 1293 10 1295 10 1297 10 1299 10 1301 10 1205 10 1203 10 1207 10 1217 10 1209 10 1211 10 1422 10 1420 10 1424 10 1428 10 1430 10 1307 10 1309 10 1311 10 1313 10 1315 10 1317 10 1103 10 1101 10 1105 10 1139 10 1137 10 1141 10
120 995 false - Warriors' Guild Food Shop - 333 10 365 10 2289 10 6705 10 2003 10
121 995 false - Warriors' Guild Potion Shop - 115 10 121 10 133 10
122 995 false - Void Knight General Store - 1931 30 1935 10 1735 10 1925 30 1923 10 1887 10 590 10 1755 10 2347 10 1351 10 7934 50
123 995 false - Faruq's Tools for Games - 15046 12 15078 25 15080 25 15082 25 15075 65 15056 3 15059 14 15061 18 15065 20 15078 20 15067 45 15069 6 15073 36 15077 1 15484 20
124 995 false - Bolkoy's Village Shop - 1931 30 1265 10 1935 10 1735 10 1925 30 590 10 1755 10 2347 10 882 1000 2142 10
125 995 true - Obli's General Store - 590 10 229 10 233 10 1931 30 1351 10 1265 10 1349 10 1129 10 1059 10 1061 10 2142 10 2309 10 952 10 36 10 596 10 1755 10 2347 10 970 10 973 10 227 10 975 10 954 10
126 995 false - Fernahei's Fishing Hut - 307 10 309 10 313 1000 314 1000 335 10 349 10 331 10
127 995 false - Naff's Knockoff Staves - 1391 80
128 995 false - Construction Supplies - 8794 10 8790 300 1539 900
129 995 false - Keldegrim Stonemason - 3420 500 8786 30 8782 30 8788 30
130 995 false - Garden Centre - 8417 10 8419 10 8421 10 8423 10 8425 10 15237 10 8427 10 15239 10 8429 10 8431 1000 8433 10 8435 10 8437 10 8439 10 8441 10 8441 10 8443 10 8445 10 8449 10 8451 10 8453 10 8455 10 8457 10 8459 10 8461 10
131 995 false - Range Supply - 841 5000 843 5000 849 5000 853 5000 857 5000 861 5000 882 50000 884 50000 886 50000 888 50000 890 50000 892 50000 11212 50000 9181 5000 9183 5000 9185 5000 1133 5000 1065 5000 1099 5000 1135 5000 2487 5000 2493 5000 2499 5000 2489 5000 2495 5000 2501 5000 2491 5000 2497 5000 2503 5000 6322 5000 6324 5000 6326 5000 6328 5000 6330 5000
132 995 false - Armor Supply - 1127 50000 1079 50000 1163 50000 1201 50000 1123 50000 1073 50000 1161 50000 1199 50000 1121 50000 1071 50000 1159 50000 1181 50000 1125 50000 1077 50000 1165 50000 1179 50000 1119 50000 1069 50000 1157 50000 1177 50000 1115 50000 1067 50000 1153 50000 1175 50000 5574 50000 5575 50000 5576 50000 542 50000
500 30000 false - PKP Shop 1 - 13887 10000 13893 10000 13899 10000 13905 10000 13911 10000 13917 10000 13923 10000 13929 10000 13884 10000 13890 10000 13896 10000 13902 10000 13908 10000 13914 10000 13920 10000 13926 10000 13870 10000 13873 10000 13876 10000 13882 10000 13883 10000 13944 10000 13947 10000 13950 10000 13956 10000 13957 10000 13858 10000 13861 10000 13864 10000 13867 10000 13932 10000 13935 10000 13938 10000 13941 10000
501 30000 false - PKP Shop 2 - 15441 10000 15442 10000 15444 10000 15701 10000 15702 10000 15703 10000 15704 10000 22207 10000 22209 10000 22211 10000 22213 10000 15241 10000 15243 10000 10551 10000 10547 10000 10548 10000 10549 10000 6731 10000 6733 10000 6735 10000 6737 10000 10887 10000 21768 10000 11061 10000 8839 10000 8840 10000 8842 10000 11663 10000 11664 10000 11665 10000